
频率                             电阻Rr（欧/米） 电感Lr（mH/m，即H/km）


0.1      2.151E-005  1.373E-006  2.151E-005   0.0021852


0.2      2.1664E-005 2.7208E-006 2.1664E-005  0.0021651


0.3      2.1907E-005 4.0225E-006 2.1907E-005  0.002134


0.4      2.222E-005  5.2645E-006 2.222E-005   0.0020947


0.5      2.2585E-005 6.4405E-006 2.2585E-005  0.0020501


0.6      2.2985E-005 7.5501E-006 2.2985E-005  0.0020027


0.7      2.3406E-005 8.597E-006  2.3406E-005  0.0019546


0.8      2.3837E-005 9.5867E-006 2.3837E-005  0.0019072


0.9      2.4271E-005 1.0525E-005 2.4271E-005  0.0018613


1        2.4703E-005 1.142E-005  2.4703E-005  0.0018175



2        2.8585E-005 1.8881E-005 2.8585E-005, 0.0015025



3        3.1815E-005 2.5137E-005 3.1815E-005, 0.0013335



4        3.4799E-005 3.0852E-005 3.4799E-005, 0.0012276



5        3.7698E-005 3.6154E-005 3.7698E-005, 0.0011508



6        4.0548E-005 4.1092E-005 4.0548E-005, 0.00109



7        4.335E-005  4.5706E-005 4.335E-005,  0.0010392



8        4.6095E-005 5.0034E-005 4.6095E-005, 0.0009954



9        4.8776E-005 5.411E-005  4.8776E-005, 0.00095687

10       5.1386E-005 5.7964E-005 5.1386E-005  0.00092252


20       7.3548E-005 8.8946E-005 7.3548E-005  0.00070781


30       9.0513E-005 0.00011343  9.0513E-005  0.00060178


40       0.00010465  0.00013518  0.00010465   0.00053785


50       0.00011709  0.00015527  0.00011709   0.00049424


60       0.00012838  0.00017419  0.00012838   0.00046206


100      0.00016662  0.0002424   0.00016662   0.0003858


150      0.00020567  0.00031771  0.00020567   0.0003371


200      0.00023928  0.00038665  0.00023928   0.00030768


250      0.00026943  0.0004514   0.00026943   0.00028737


300      0.0002971   0.00051311  0.0002971    0.00027221


350      0.00032289  0.00057247  0.00032289   0.00026032


400      0.0003472   0.00062995  0.0003472    0.00025065


450      0.00037028  0.00068585  0.00037028   0.00024257


500      0.00039233  0.00074042  0.00039233   0.00023568


550      0.0004135   0.00079384  0.0004135    0.00022972


600      0.00043391  0.00084626  0.00043391   0.00022448


650      0.00045365  0.00089778  0.00045365   0.00021982


700      0.00047279  0.00094849  0.00047279   0.00021565


750      0.00049139  0.00099848  0.00049139   0.00021188


800      0.00050951  0.0010478   0.00050951   0.00020845


850      0.0005272   0.0010965   0.0005272    0.00020531


900      0.00054448  0.0011447   0.00054448   0.00020242


950      0.00056139  0.0011923   0.00056139   0.00019975


1000     0.00057797  0.0012395   0.00057797   0.00019727


1200     0.00064131  0.0014238   0.00064131   0.00018884


1400     0.00070075  0.0016024   0.00070075   0.00018216


1600     0.00075705  0.0017761   0.00075705   0.00017667


1800     0.00081074  0.0019458   0.00081074   0.00017204


2000     0.0008622   0.0021119   0.0008622    0.00016806


2200     0.0009117   0.0022748   0.0009117    0.00016457


2400     0.00095945  0.0024349   0.00095945   0.00016147


2600     0.0010056   0.0025924   0.0010056    0.00015869


2800     0.0010504   0.0027476   0.0010504    0.00015618


3000     0.0010939   0.0029007   0.0010939    0.00015388


3200     0.0011361   0.0030517   0.0011361    0.00015178


3400     0.0011772   0.0032009   0.0011772    0.00014983


3600     0.0012173   0.0033484   0.0012173    0.00014803


3800     0.0012563   0.0034942   0.0012563    0.00014635


4000     0.0012945   0.0036385   0.0012945    0.00014477


4200     0.0013318   0.0037813   0.0013318    0.00014329


4400     0.0013682   0.0039228   0.0013682    0.00014189


4600     0.0014038   0.004063    0.0014038    0.00014057


4800     0.0014387   0.0042019   0.0014387    0.00013932


5000     0.0014729   0.0043396   0.0014729    0.00013813


5200     0.0015064   0.0044762   0.0015064    0.000137


5400     0.0015392   0.0046116   0.0015392    0.00013592


5600     0.0015713   0.0047461   0.0015713    0.00013489


5800     0.0016029   0.0048795   0.0016029    0.0001339


6000     0.0016338   0.005012    0.0016338    0.00013295


6200     0.0016642   0.0051436   0.0016642    0.00013204


6400     0.001694    0.0052742   0.001694     0.00013116


6600     0.0017232   0.005404    0.0017232    0.00013031


6800     0.001752    0.005533    0.001752     0.0001295


7000     0.0017802   0.0056612   0.0017802    0.00012871


7200     0.0018079   0.0057886   0.0018079    0.00012796


7400     0.0018352   0.0059152   0.0018352    0.00012722


7600     0.0018619   0.0060412   0.0018619    0.00012651


7800     0.0018882   0.0061665   0.0018882    0.00012582


8000     0.0019141   0.0062911   0.0019141    0.00012516


8200     0.0019395   0.006415    0.0019395    0.00012451


8400     0.0019645   0.0065384   0.0019645    0.00012388


8600     0.0019891   0.0066611   0.0019891    0.00012327


8800     0.0020133   0.0067833   0.0020133    0.00012268


9000     0.0020371   0.0069049   0.0020371    0.0001221


9200     0.0020605   0.0070259   0.0020605    0.00012154


9400     0.0020835   0.0071465   0.0020835    0.000121


9600     0.0021062   0.0072665   0.0021062    0.00012047


9800     0.0021285   0.0073861   0.0021285    0.00011995


10000    0.0021504   0.0075051   0.0021504    0.00011945


10500    0.0022038   0.0078009   0.0022038    0.00011824


11000    0.0022552   0.008094    0.0022552    0.00011711


11500    0.0023046   0.0083847   0.0023046    0.00011604


12000    0.0023523   0.0086732   0.0023523    0.00011503


12500    0.0023982   0.0089597   0.0023982    0.00011408


13000    0.0024425   0.0092442   0.0024425    0.00011317


13500    0.0024852   0.0095271   0.0024852    0.00011232


14000    0.0025265   0.0098083   0.0025265    0.0001115


14500    0.0025664   0.010088    0.0025664    0.00011073


15000    0.002605    0.010366    0.002605     0.00010999


15500    0.0026424   0.010643    0.0026424    0.00010929


16000    0.0026786   0.010919    0.0026786    0.00010862


16500    0.0027136   0.011194    0.0027136    0.00010798


17000    0.0027476   0.011468    0.0027476    0.00010736


17500    0.0027805   0.011741    0.0027805    0.00010678


18000    0.0028125   0.012013    0.0028125    0.00010622


18500    0.0028436   0.012284    0.0028436    0.00010568


19000    0.0028738   0.012555    0.0028738    0.00010516


19500    0.0029032   0.012824    0.0029032    0.00010467


20000    0.0029317   0.013093    0.0029317    0.00010419


20500    0.0029595   0.013362    0.0029595    0.00010374


21000    0.0029866   0.01363     0.0029866    0.0001033


21500    0.003013    0.013897    0.003013     0.00010288


22000    0.0030387   0.014164    0.0030387    0.00010247


22500    0.0030638   0.014431    0.0030638    0.00010208


23000    0.0030882   0.014697    0.0030882    0.0001017


23500    0.0031121   0.014962    0.0031121    0.00010133


24000    0.0031355   0.015228    0.0031355    0.00010098


24500    0.0031582   0.015492    0.0031582    0.00010064


25000    0.0031805   0.015757    0.0031805    0.00010031


25500    0.0032023   0.016021    0.0032023    9.9994E-005


26000    0.0032236   0.016285    0.0032236    9.9687E-005


26500    0.0032445   0.016549    0.0032445    9.939E-005


27000    0.0032649   0.016812    0.0032649    9.9102E-005


27500    0.0032849   0.017075    0.0032849    9.8823E-005


28000    0.0033045   0.017338    0.0033045    9.8553E-005


28500    0.0033237   0.017601    0.0033237    9.8291E-005


29000    0.0033425   0.017864    0.0033425    9.8037E-005


29500    0.003361    0.018126    0.003361     9.7791E-005


30000    0.0033791   0.018388    0.0033791    9.7551E-005


30500    0.0033968   0.01865     0.0033968    9.7319E-005


31000    0.0034143   0.018912    0.0034143    9.7094E-005


31500    0.0034314   0.019173    0.0034314    9.6874E-005


32000    0.0034482   0.019435    0.0034482    9.6661E-005


32500    0.0034647   0.019696    0.0034647    9.6454E-005


33000    0.0034809   0.019957    0.0034809    9.6253E-005


33500    0.0034969   0.020219    0.0034969    9.6056E-005


34000    0.0035126   0.02048     0.0035126    9.5865E-005


34500    0.003528    0.02074     0.003528     9.568E-005


35000    0.0035431   0.021001    0.0035431    9.5499E-005


35500    0.0035581   0.021262    0.0035581    9.5322E-005


36000    0.0035727   0.021522    0.0035727    9.515E-005


36500    0.0035872   0.021783    0.0035872    9.4983E-005


37000    0.0036014   0.022043    0.0036014    9.4819E-005


37500    0.0036154   0.022304    0.0036154    9.466E-005


38000    0.0036292   0.022564    0.0036292    9.4504E-005


38500    0.0036428   0.022824    0.0036428    9.4353E-005


39000    0.0036562   0.023084    0.0036562    9.4204E-005


39500    0.0036693   0.023344    0.0036693    9.406E-005


40000    0.0036823   0.023604    0.0036823    9.3918E-005


40500    0.0036951   0.023864    0.0036951    9.378E-005


41000    0.0037078   0.024124    0.0037078    9.3646E-005


41500    0.0037202   0.024384    0.0037202    9.3514E-005


42000    0.0037325   0.024644    0.0037325    9.3385E-005


42500    0.0037446   0.024903    0.0037446    9.3259E-005


43000    0.0037565   0.025163    0.0037565    9.3136E-005


43500    0.0037683   0.025423    0.0037683    9.3015E-005


44000    0.0037799   0.025682    0.0037799    9.2897E-005


44500    0.0037914   0.025942    0.0037914    9.2782E-005


45000    0.0038027   0.026201    0.0038027    9.2669E-005


45500    0.0038138   0.026461    0.0038138    9.2558E-005


46000    0.0038249   0.02672     0.0038249    9.245E-005


46500    0.0038357   0.02698     0.0038357    9.2344E-005


47000    0.0038465   0.027239    0.0038465    9.224E-005


47500    0.0038571   0.027499    0.0038571    9.2138E-005


48000    0.0038676   0.027758    0.0038676    9.2038E-005


48500    0.0038779   0.028017    0.0038779    9.194E-005


49000    0.0038881   0.028277    0.0038881    9.1844E-005


49500    0.0038982   0.028536    0.0038982    9.175E-005


50000    0.0039082   0.028795    0.0039082    9.1658E-005


50500    0.0039181   0.029054    0.0039181    9.1568E-005


51000    0.0039278   0.029314    0.0039278    9.1479E-005


51500    0.0039374   0.029573    0.0039374    9.1392E-005


52000    0.003947    0.029832    0.003947     9.1307E-005


52500    0.0039564   0.030091    0.0039564    9.1223E-005


53000    0.0039657   0.030351    0.0039657    9.1141E-005


53500    0.0039748   0.03061     0.0039748    9.106E-005


54000    0.0039839   0.030869    0.0039839    9.0981E-005


54500    0.0039929   0.031128    0.0039929    9.0903E-005


55000    0.0040018   0.031387    0.0040018    9.0826E-005


55500    0.0040106   0.031646    0.0040106    9.0751E-005


56000    0.0040193   0.031906    0.0040193    9.0677E-005


56500    0.0040279   0.032165    0.0040279    9.0605E-005


57000    0.0040364   0.032424    0.0040364    9.0534E-005


57500    0.0040448   0.032683    0.0040448    9.0464E-005


58000    0.0040531   0.032942    0.0040531    9.0395E-005


58500    0.0040613   0.033201    0.0040613    9.0327E-005


59000    0.0040695   0.03346     0.0040695    9.0261E-005


59500    0.0040775   0.03372     0.0040775    9.0196E-005


60000    0.0040855   0.033979    0.0040855    9.0131E-005


60500    0.0040934   0.034238    0.0040934    9.0068E-005


61000    0.0041012   0.034497    0.0041012    9.0006E-005


61500    0.004109    0.034756    0.004109     8.9945E-005


62000    0.0041166   0.035015    0.0041166    8.9885E-005


62500    0.0041242   0.035274    0.0041242    8.9825E-005


63000    0.0041317   0.035534    0.0041317    8.9767E-005


63500    0.0041391   0.035793    0.0041391    8.971E-005


64000    0.0041465   0.036052    0.0041465    8.9653E-005


64500    0.0041537   0.036311    0.0041537    8.9598E-005


65000    0.0041609   0.03657     0.0041609    8.9543E-005


65500    0.0041681   0.036829    0.0041681    8.949E-005


66000    0.0041751   0.037088    0.0041751    8.9437E-005


66500    0.0041821   0.037348    0.0041821    8.9384E-005


67000    0.0041891   0.037607    0.0041891    8.9333E-005


67500    0.0041959   0.037866    0.0041959    8.9282E-005


68000    0.0042027   0.038125    0.0042027    8.9233E-005


68500    0.0042095   0.038384    0.0042095    8.9183E-005


69000    0.0042161   0.038644    0.0042161    8.9135E-005


69500    0.0042227   0.038903    0.0042227    8.9087E-005


70000    0.0042293   0.039162    0.0042293    8.904E-005


70500    0.0042358   0.039421    0.0042358    8.8994E-005


71000    0.0042422   0.039681    0.0042422    8.8949E-005


71500    0.0042486   0.03994     0.0042486    8.8904E-005


72000    0.0042549   0.040199    0.0042549    8.8859E-005


72500    0.0042611   0.040458    0.0042611    8.8816E-005


73000    0.0042673   0.040718    0.0042673    8.8773E-005


73500    0.0042734   0.040977    0.0042734    8.873E-005


74000    0.0042795   0.041236    0.0042795    8.8688E-005


74500    0.0042855   0.041495    0.0042855    8.8647E-005


75000    0.0042915   0.041755    0.0042915    8.8606E-005


75500    0.0042974   0.042014    0.0042974    8.8566E-005


76000    0.0043033   0.042273    0.0043033    8.8527E-005


76500    0.0043091   0.042533    0.0043091    8.8488E-005


77000    0.0043149   0.042792    0.0043149    8.8449E-005


77500    0.0043206   0.043052    0.0043206    8.8411E-005


78000    0.0043263   0.043311    0.0043263    8.8374E-005


78500    0.0043319   0.04357     0.0043319    8.8337E-005


79000    0.0043374   0.04383     0.0043374    8.83E-005


79500    0.004343    0.044089    0.004343     8.8264E-005


80000    0.0043484   0.044349    0.0043484    8.8229E-005


80500    0.0043539   0.044608    0.0043539    8.8194E-005


81000    0.0043592   0.044867    0.0043592    8.8159E-005


81500    0.0043646   0.045127    0.0043646    8.8125E-005


82000    0.0043699   0.045386    0.0043699    8.8091E-005


82500    0.0043751   0.045646    0.0043751    8.8058E-005


83000    0.0043803   0.045905    0.0043803    8.8025E-005


83500    0.0043855   0.046165    0.0043855    8.7993E-005


84000    0.0043906   0.046424    0.0043906    8.7961E-005


84500    0.0043957   0.046684    0.0043957    8.7929E-005


85000    0.0044007   0.046944    0.0044007    8.7898E-005


85500    0.0044057   0.047203    0.0044057    8.7867E-005


86000    0.0044106   0.047463    0.0044106    8.7836E-005


86500    0.0044156   0.047722    0.0044156    8.7806E-005


87000    0.0044204   0.047982    0.0044204    8.7777E-005


87500    0.0044253   0.048242    0.0044253    8.7747E-005


88000    0.0044301   0.048501    0.0044301    8.7718E-005


88500    0.0044348   0.048761    0.0044348    8.769E-005


89000    0.0044395   0.04902     0.0044395    8.7661E-005


89500    0.0044442   0.04928     0.0044442    8.7633E-005


90000    0.0044488   0.04954     0.0044488    8.7606E-005


90500    0.0044535   0.049799    0.0044535    8.7578E-005


91000    0.004458    0.050059    0.004458     8.7551E-005


91500    0.0044626   0.050319    0.0044626    8.7525E-005


92000    0.0044671   0.050579    0.0044671    8.7498E-005


92500    0.0044715   0.050838    0.0044715    8.7472E-005


93000    0.004476    0.051098    0.004476     8.7447E-005


93500    0.0044804   0.051358    0.0044804    8.7421E-005


94000    0.0044847   0.051618    0.0044847    8.7396E-005


94500    0.004489    0.051878    0.004489     8.7371E-005


95000    0.0044933   0.052137    0.0044933    8.7346E-005


95500    0.0044976   0.052397    0.0044976    8.7322E-005


96000    0.0045018   0.052657    0.0045018    8.7298E-005


96500    0.004506    0.052917    0.004506     8.7274E-005


97000    0.0045102   0.053177    0.0045102    8.7251E-005


97500    0.0045144   0.053437    0.0045144    8.7228E-005


98000    0.0045185   0.053697    0.0045185    8.7205E-005


98500    0.0045225   0.053956    0.0045225    8.7182E-005


99000    0.0045266   0.054216    0.0045266    8.716E-005


99500    0.0045306   0.054476    0.0045306    8.7137E-005


100000   0.0045346   0.054736    0.0045346    8.7115E-005


200000   0.0049965   0.10694     0.0049965    8.5102E-005


300000   0.0051976   0.15939     0.0051976    8.4558E-005


400000   0.0053199   0.21193     0.0053199    8.4323E-005


500000   0.0054064   0.26451     0.0054064    8.4196E-005


600000   0.005473    0.31712     0.005473     8.4118E-005


700000   0.005527    0.36974     0.005527     8.4066E-005


800000   0.0055725   0.42237     0.0055725    8.4029E-005


900000   0.0056119   0.47501     0.0056119    8.4001E-005


1000000  0.0056466   0.52766     0.0056466    8.3979E-005


2000000  0.0058714   1.0542      0.0058714    8.3891E-005


3000000  0.006003    1.5808      0.006003     8.3865E-005


4000000  0.0060956   2.1074      0.0060956    8.3852E-005


5000000  0.0061668   2.6341      0.0061668    8.3846E-005


6000000  0.0062246   3.1608      0.0062246    8.3842E-005


7000000  0.0062734   3.6875      0.0062734    8.384E-005


8000000  0.0063153   4.2142      0.0063153    8.3838E-005


9000000  0.006352    4.7409      0.006352     8.3838E-005


10000000 0.0063843   5.2677      0.0063843    8.3837E-005

